0.000000000000000000e+00,0.000000000000000000e+00,4.359999999999999987e-01,5.639999999999999458e-01,0.000000000000000000e+00,0.000000000000000000e+00
0.000000000000000000e+00,1.000000000000000000e+00,0.000000000000000000e+00,0.000000000000000000e+00,0.000000000000000000e+00,0.000000000000000000e+00
1.200000000000000025e-02,0.000000000000000000e+00,8.339999999999999636e-01,5.000000000000000104e-03,1.489999999999999936e-01,0.000000000000000000e+00
1.400000000000000029e-02,0.000000000000000000e+00,8.549999999999999822e-01,0.000000000000000000e+00,1.310000000000000053e-01,0.000000000000000000e+00
0.000000000000000000e+00,1.000000000000000000e+00,0.000000000000000000e+00,0.000000000000000000e+00,0.000000000000000000e+00,0.000000000000000000e+00
0.000000000000000000e+00,2.000000000000000042e-02,0.000000000000000000e+00,0.000000000000000000e+00,6.800000000000000488e-02,9.120000000000000329e-01
0.000000000000000000e+00,8.999999999999999320e-03,0.000000000000000000e+00,0.000000000000000000e+00,9.889999999999999902e-01,2.000000000000000042e-03
2.000000000000000042e-02,0.000000000000000000e+00,8.329999999999999627e-01,0.000000000000000000e+00,1.469999999999999918e-01,0.000000000000000000e+00
0.000000000000000000e+00,0.000000000000000000e+00,1.360000000000000098e-01,5.859999999999999654e-01,0.000000000000000000e+00,2.780000000000000249e-01
0.000000000000000000e+00,1.000000000000000000e+00,0.000000000000000000e+00,0.000000000000000000e+00,0.000000000000000000e+00,0.000000000000000000e+00
0.000000000000000000e+00,1.200000000000000025e-02,0.000000000000000000e+00,0.000000000000000000e+00,6.700000000000000400e-02,9.210000000000000409e-01
1.670000000000000095e-01,0.000000000000000000e+00,8.329999999999999627e-01,0.000000000000000000e+00,0.000000000000000000e+00,0.000000000000000000e+00
1.539999999999999980e-01,0.000000000000000000e+00,8.459999999999999742e-01,0.000000000000000000e+00,0.000000000000000000e+00,0.000000000000000000e+00
9.979999999999999982e-01,0.000000000000000000e+00,0.000000000000000000e+00,0.000000000000000000e+00,2.000000000000000042e-03,0.000000000000000000e+00
4.229999999999999871e-01,0.000000000000000000e+00,0.000000000000000000e+00,5.769999999999999574e-01,0.000000000000000000e+00,0.000000000000000000e+00
0.000000000000000000e+00,0.000000000000000000e+00,0.000000000000000000e+00,0.000000000000000000e+00,0.000000000000000000e+00,1.000000000000000000e+00
1.200000000000000025e-02,0.000000000000000000e+00,8.319999999999999618e-01,0.000000000000000000e+00,1.559999999999999998e-01,0.000000000000000000e+00
0.000000000000000000e+00,7.000000000000000146e-03,0.000000000000000000e+00,0.000000000000000000e+00,9.929999999999999938e-01,0.000000000000000000e+00
0.000000000000000000e+00,1.539999999999999980e-01,8.459999999999999742e-01,0.000000000000000000e+00,0.000000000000000000e+00,0.000000000000000000e+00
1.000000000000000000e+00,0.000000000000000000e+00,0.000000000000000000e+00,0.000000000000000000e+00,0.000000000000000000e+00,0.000000000000000000e+00
0.000000000000000000e+00,0.000000000000000000e+00,0.000000000000000000e+00,8.000000000000000167e-03,9.919999999999999929e-01,0.000000000000000000e+00
0.000000000000000000e+00,9.900000000000000466e-02,0.000000000000000000e+00,0.000000000000000000e+00,0.000000000000000000e+00,9.010000000000000231e-01
0.000000000000000000e+00,1.499999999999999944e-02,0.000000000000000000e+00,0.000000000000000000e+00,9.849999999999999867e-01,0.000000000000000000e+00
0.000000000000000000e+00,0.000000000000000000e+00,0.000000000000000000e+00,1.000000000000000000e+00,0.000000000000000000e+00,0.000000000000000000e+00
4.490000000000000102e-01,2.000000000000000042e-03,0.000000000000000000e+00,5.490000000000000435e-01,0.000000000000000000e+00,0.000000000000000000e+00
0.000000000000000000e+00,0.000000000000000000e+00,0.000000000000000000e+00,1.000000000000000000e+00,0.000000000000000000e+00,0.000000000000000000e+00
0.000000000000000000e+00,1.000000000000000000e+00,0.000000000000000000e+00,0.000000000000000000e+00,0.000000000000000000e+00,0.000000000000000000e+00
1.000000000000000000e+00,0.000000000000000000e+00,0.000000000000000000e+00,0.000000000000000000e+00,0.000000000000000000e+00,0.000000000000000000e+00
9.989999999999999991e-01,0.000000000000000000e+00,0.000000000000000000e+00,0.000000000000000000e+00,1.000000000000000021e-03,0.000000000000000000e+00
0.000000000000000000e+00,0.000000000000000000e+00,0.000000000000000000e+00,1.000000000000000000e+00,0.000000000000000000e+00,0.000000000000000000e+00
0.000000000000000000e+00,1.539999999999999980e-01,8.459999999999999742e-01,0.000000000000000000e+00,0.000000000000000000e+00,0.000000000000000000e+00
0.000000000000000000e+00,1.000000000000000000e+00,0.000000000000000000e+00,0.000000000000000000e+00,0.000000000000000000e+00,0.000000000000000000e+00
1.499999999999999944e-02,0.000000000000000000e+00,8.419999999999999707e-01,3.000000000000000062e-03,1.400000000000000133e-01,0.000000000000000000e+00
0.000000000000000000e+00,0.000000000000000000e+00,0.000000000000000000e+00,0.000000000000000000e+00,1.000000000000000000e+00,0.000000000000000000e+00
1.299999999999999940e-02,0.000000000000000000e+00,0.000000000000000000e+00,0.000000000000000000e+00,9.869999999999999885e-01,0.000000000000000000e+00
0.000000000000000000e+00,1.000000000000000000e+00,0.000000000000000000e+00,0.000000000000000000e+00,0.000000000000000000e+00,0.000000000000000000e+00
9.099999999999999756e-02,1.000000000000000021e-03,0.000000000000000000e+00,0.000000000000000000e+00,0.000000000000000000e+00,9.080000000000000293e-01
6.099999999999999867e-02,0.000000000000000000e+00,2.400000000000000050e-02,0.000000000000000000e+00,0.000000000000000000e+00,9.150000000000000355e-01
0.000000000000000000e+00,2.400000000000000050e-02,0.000000000000000000e+00,5.480000000000000426e-01,4.279999999999999916e-01,0.000000000000000000e+00
8.699999999999999400e-02,0.000000000000000000e+00,0.000000000000000000e+00,0.000000000000000000e+00,0.000000000000000000e+00,9.130000000000000338e-01
1.200000000000000025e-02,0.000000000000000000e+00,0.000000000000000000e+00,0.000000000000000000e+00,8.100000000000000255e-02,9.070000000000000284e-01
0.000000000000000000e+00,0.000000000000000000e+00,0.000000000000000000e+00,1.000000000000000000e+00,0.000000000000000000e+00,0.000000000000000000e+00
0.000000000000000000e+00,0.000000000000000000e+00,0.000000000000000000e+00,5.929999999999999716e-01,0.000000000000000000e+00,4.069999999999999729e-01
0.000000000000000000e+00,0.000000000000000000e+00,1.400000000000000029e-02,0.000000000000000000e+00,6.300000000000000044e-02,9.230000000000000426e-01
0.000000000000000000e+00,0.000000000000000000e+00,0.000000000000000000e+00,1.000000000000000000e+00,0.000000000000000000e+00,0.000000000000000000e+00
9.989999999999999991e-01,0.000000000000000000e+00,0.000000000000000000e+00,1.000000000000000021e-03,0.000000000000000000e+00,0.000000000000000000e+00
1.400000000000000029e-02,0.000000000000000000e+00,8.229999999999999538e-01,0.000000000000000000e+00,1.630000000000000060e-01,0.000000000000000000e+00
0.000000000000000000e+00,0.000000000000000000e+00,0.000000000000000000e+00,0.000000000000000000e+00,9.869999999999999885e-01,1.299999999999999940e-02
1.000000000000000000e+00,0.000000000000000000e+00,0.000000000000000000e+00,0.000000000000000000e+00,0.000000000000000000e+00,0.000000000000000000e+00
0.000000000000000000e+00,4.339999999999999969e-01,0.000000000000000000e+00,5.659999999999999476e-01,0.000000000000000000e+00,0.000000000000000000e+00
