1.799999999999999864e-02,8.489999999999999769e-01,0.000000000000000000e+00,0.000000000000000000e+00,1.330000000000000071e-01,0.000000000000000000e+00
8.000000000000000167e-03,0.000000000000000000e+00,0.000000000000000000e+00,0.000000000000000000e+00,9.919999999999999929e-01,0.000000000000000000e+00
1.000000000000000000e+00,0.000000000000000000e+00,0.000000000000000000e+00,0.000000000000000000e+00,0.000000000000000000e+00,0.000000000000000000e+00
0.000000000000000000e+00,0.000000000000000000e+00,4.000000000000000083e-03,0.000000000000000000e+00,9.959999999999999964e-01,0.000000000000000000e+00
0.000000000000000000e+00,0.000000000000000000e+00,0.000000000000000000e+00,6.400000000000000133e-02,0.000000000000000000e+00,9.360000000000000542e-01
0.000000000000000000e+00,0.000000000000000000e+00,1.000000000000000000e+00,0.000000000000000000e+00,0.000000000000000000e+00,0.000000000000000000e+00
0.000000000000000000e+00,0.000000000000000000e+00,0.000000000000000000e+00,1.000000000000000000e+00,0.000000000000000000e+00,0.000000000000000000e+00
0.000000000000000000e+00,0.000000000000000000e+00,2.750000000000000222e-01,7.249999999999999778e-01,0.000000000000000000e+00,0.000000000000000000e+00
1.200000000000000025e-02,1.099999999999999936e-02,0.000000000000000000e+00,0.000000000000000000e+00,4.200000000000000261e-02,9.350000000000000533e-01
0.000000000000000000e+00,0.000000000000000000e+00,1.000000000000000000e+00,0.000000000000000000e+00,0.000000000000000000e+00,0.000000000000000000e+00
1.000000000000000000e+00,0.000000000000000000e+00,0.000000000000000000e+00,0.000000000000000000e+00,0.000000000000000000e+00,0.000000000000000000e+00
0.000000000000000000e+00,0.000000000000000000e+00,1.000000000000000000e+00,0.000000000000000000e+00,0.000000000000000000e+00,0.000000000000000000e+00
2.530000000000000027e-01,0.000000000000000000e+00,0.000000000000000000e+00,7.469999999999999973e-01,0.000000000000000000e+00,0.000000000000000000e+00
0.000000000000000000e+00,0.000000000000000000e+00,0.000000000000000000e+00,1.000000000000000000e+00,0.000000000000000000e+00,0.000000000000000000e+00
0.000000000000000000e+00,1.000000000000000000e+00,0.000000000000000000e+00,0.000000000000000000e+00,0.000000000000000000e+00,0.000000000000000000e+00
0.000000000000000000e+00,1.000000000000000021e-03,4.000000000000000083e-03,0.000000000000000000e+00,9.939999999999999947e-01,1.000000000000000021e-03
6.500000000000000222e-02,0.000000000000000000e+00,0.000000000000000000e+00,0.000000000000000000e+00,0.000000000000000000e+00,9.350000000000000533e-01
7.000000000000000146e-03,0.000000000000000000e+00,0.000000000000000000e+00,0.000000000000000000e+00,9.929999999999999938e-01,0.000000000000000000e+00
0.000000000000000000e+00,0.000000000000000000e+00,6.400000000000000133e-02,1.000000000000000021e-03,0.000000000000000000e+00,9.350000000000000533e-01
0.000000000000000000e+00,0.000000000000000000e+00,1.000000000000000000e+00,0.000000000000000000e+00,0.000000000000000000e+00,0.000000000000000000e+00
0.000000000000000000e+00,0.000000000000000000e+00,1.209999999999999964e-01,7.239999999999999769e-01,0.000000000000000000e+00,1.549999999999999989e-01
1.360000000000000098e-01,8.559999999999999831e-01,0.000000000000000000e+00,8.000000000000000167e-03,0.000000000000000000e+00,0.000000000000000000e+00
1.000000000000000000e+00,0.000000000000000000e+00,0.000000000000000000e+00,0.000000000000000000e+00,0.000000000000000000e+00,0.000000000000000000e+00
0.000000000000000000e+00,0.000000000000000000e+00,0.000000000000000000e+00,0.000000000000000000e+00,0.000000000000000000e+00,1.000000000000000000e+00
0.000000000000000000e+00,0.000000000000000000e+00,1.299999999999999940e-02,0.000000000000000000e+00,5.399999999999999939e-02,9.330000000000000515e-01
0.000000000000000000e+00,0.000000000000000000e+00,0.000000000000000000e+00,1.000000000000000000e+00,0.000000000000000000e+00,0.000000000000000000e+00
7.000000000000000146e-03,0.000000000000000000e+00,0.000000000000000000e+00,0.000000000000000000e+00,9.929999999999999938e-01,0.000000000000000000e+00
0.000000000000000000e+00,8.659999999999999920e-01,7.499999999999999722e-02,1.000000000000000021e-03,0.000000000000000000e+00,5.800000000000000294e-02
0.000000000000000000e+00,8.299999999999999600e-01,1.700000000000000122e-01,0.000000000000000000e+00,0.000000000000000000e+00,0.000000000000000000e+00
0.000000000000000000e+00,0.000000000000000000e+00,0.000000000000000000e+00,0.000000000000000000e+00,5.700000000000000205e-02,9.429999999999999494e-01
2.479999999999999982e-01,0.000000000000000000e+00,0.000000000000000000e+00,7.520000000000000018e-01,0.000000000000000000e+00,0.000000000000000000e+00
1.000000000000000000e+00,0.000000000000000000e+00,0.000000000000000000e+00,0.000000000000000000e+00,0.000000000000000000e+00,0.000000000000000000e+00
0.000000000000000000e+00,0.000000000000000000e+00,0.000000000000000000e+00,0.000000000000000000e+00,0.000000000000000000e+00,1.000000000000000000e+00
0.000000000000000000e+00,0.000000000000000000e+00,0.000000000000000000e+00,0.000000000000000000e+00,1.000000000000000000e+00,0.000000000000000000e+00
1.000000000000000000e+00,0.000000000000000000e+00,0.000000000000000000e+00,0.000000000000000000e+00,0.000000000000000000e+00,0.000000000000000000e+00
0.000000000000000000e+00,1.100000000000000006e-01,1.100000000000000006e-01,7.259999999999999787e-01,0.000000000000000000e+00,5.399999999999999939e-02
0.000000000000000000e+00,4.000000000000000083e-03,5.500000000000000028e-02,0.000000000000000000e+00,0.000000000000000000e+00,9.409999999999999476e-01
0.000000000000000000e+00,8.629999999999999893e-01,1.270000000000000018e-01,1.000000000000000021e-02,0.000000000000000000e+00,0.000000000000000000e+00
0.000000000000000000e+00,0.000000000000000000e+00,8.000000000000000167e-03,0.000000000000000000e+00,9.919999999999999929e-01,0.000000000000000000e+00
0.000000000000000000e+00,0.000000000000000000e+00,1.000000000000000000e+00,0.000000000000000000e+00,0.000000000000000000e+00,0.000000000000000000e+00
8.000000000000000167e-03,0.000000000000000000e+00,0.000000000000000000e+00,0.000000000000000000e+00,9.919999999999999929e-01,0.000000000000000000e+00
0.000000000000000000e+00,0.000000000000000000e+00,1.000000000000000000e+00,0.000000000000000000e+00,0.000000000000000000e+00,0.000000000000000000e+00
1.390000000000000124e-01,8.609999999999999876e-01,0.000000000000000000e+00,0.000000000000000000e+00,0.000000000000000000e+00,0.000000000000000000e+00
0.000000000000000000e+00,1.140000000000000041e-01,2.199999999999999872e-02,7.259999999999999787e-01,1.380000000000000115e-01,0.000000000000000000e+00
0.000000000000000000e+00,8.619999999999999885e-01,1.380000000000000115e-01,0.000000000000000000e+00,0.000000000000000000e+00,0.000000000000000000e+00
1.000000000000000000e+00,0.000000000000000000e+00,0.000000000000000000e+00,0.000000000000000000e+00,0.000000000000000000e+00,0.000000000000000000e+00
1.660000000000000087e-01,8.339999999999999636e-01,0.000000000000000000e+00,0.000000000000000000e+00,0.000000000000000000e+00,0.000000000000000000e+00
1.140000000000000041e-01,9.700000000000000289e-02,0.000000000000000000e+00,7.419999999999999929e-01,0.000000000000000000e+00,4.700000000000000011e-02
0.000000000000000000e+00,0.000000000000000000e+00,9.900000000000000466e-02,7.740000000000000213e-01,0.000000000000000000e+00,1.270000000000000018e-01
0.000000000000000000e+00,8.419999999999999707e-01,0.000000000000000000e+00,0.000000000000000000e+00,1.580000000000000016e-01,0.000000000000000000e+00
