0.000000000000000000e+00,0.000000000000000000e+00,1.000000000000000000e+00,0.000000000000000000e+00,0.000000000000000000e+00,0.000000000000000000e+00
9.979999999999999982e-01,0.000000000000000000e+00,0.000000000000000000e+00,0.000000000000000000e+00,2.000000000000000042e-03,0.000000000000000000e+00
1.000000000000000021e-03,0.000000000000000000e+00,0.000000000000000000e+00,7.710000000000000187e-01,2.220000000000000029e-01,6.000000000000000125e-03
1.000000000000000021e-03,0.000000000000000000e+00,0.000000000000000000e+00,0.000000000000000000e+00,9.989999999999999991e-01,0.000000000000000000e+00
0.000000000000000000e+00,0.000000000000000000e+00,1.000000000000000000e+00,0.000000000000000000e+00,0.000000000000000000e+00,0.000000000000000000e+00
1.000000000000000000e+00,0.000000000000000000e+00,0.000000000000000000e+00,0.000000000000000000e+00,0.000000000000000000e+00,0.000000000000000000e+00
3.000000000000000062e-03,7.419999999999999929e-01,0.000000000000000000e+00,0.000000000000000000e+00,2.550000000000000044e-01,0.000000000000000000e+00
0.000000000000000000e+00,0.000000000000000000e+00,5.000000000000000104e-03,0.000000000000000000e+00,9.949999999999999956e-01,0.000000000000000000e+00
2.000000000000000042e-03,0.000000000000000000e+00,0.000000000000000000e+00,0.000000000000000000e+00,9.979999999999999982e-01,0.000000000000000000e+00
0.000000000000000000e+00,2.000000000000000042e-03,0.000000000000000000e+00,0.000000000000000000e+00,2.199999999999999872e-02,9.759999999999999787e-01
4.000000000000000083e-03,4.100000000000000172e-02,0.000000000000000000e+00,7.750000000000000222e-01,4.299999999999999656e-02,1.370000000000000107e-01
0.000000000000000000e+00,7.289999999999999813e-01,2.710000000000000187e-01,0.000000000000000000e+00,0.000000000000000000e+00,0.000000000000000000e+00
1.000000000000000000e+00,0.000000000000000000e+00,0.000000000000000000e+00,0.000000000000000000e+00,0.000000000000000000e+00,0.000000000000000000e+00
2.389999999999999902e-01,0.000000000000000000e+00,0.000000000000000000e+00,7.610000000000000098e-01,0.000000000000000000e+00,0.000000000000000000e+00
0.000000000000000000e+00,0.000000000000000000e+00,0.000000000000000000e+00,1.000000000000000000e+00,0.000000000000000000e+00,0.000000000000000000e+00
4.700000000000000011e-02,0.000000000000000000e+00,0.000000000000000000e+00,7.760000000000000231e-01,0.000000000000000000e+00,1.769999999999999907e-01
2.989999999999999880e-01,6.969999999999999529e-01,0.000000000000000000e+00,0.000000000000000000e+00,0.000000000000000000e+00,4.000000000000000083e-03
0.000000000000000000e+00,0.000000000000000000e+00,0.000000000000000000e+00,1.000000000000000000e+00,0.000000000000000000e+00,0.000000000000000000e+00
0.000000000000000000e+00,0.000000000000000000e+00,1.000000000000000000e+00,0.000000000000000000e+00,0.000000000000000000e+00,0.000000000000000000e+00
0.000000000000000000e+00,1.000000000000000000e+00,0.000000000000000000e+00,0.000000000000000000e+00,0.000000000000000000e+00,0.000000000000000000e+00
9.979999999999999982e-01,0.000000000000000000e+00,0.000000000000000000e+00,2.000000000000000042e-03,0.000000000000000000e+00,0.000000000000000000e+00
0.000000000000000000e+00,0.000000000000000000e+00,1.000000000000000000e+00,0.000000000000000000e+00,0.000000000000000000e+00,0.000000000000000000e+00
0.000000000000000000e+00,0.000000000000000000e+00,2.100000000000000130e-02,0.000000000000000000e+00,0.000000000000000000e+00,9.789999999999999813e-01
0.000000000000000000e+00,0.000000000000000000e+00,1.000000000000000000e+00,0.000000000000000000e+00,0.000000000000000000e+00,0.000000000000000000e+00
0.000000000000000000e+00,0.000000000000000000e+00,1.000000000000000021e-03,0.000000000000000000e+00,9.989999999999999991e-01,0.000000000000000000e+00
2.000000000000000042e-03,0.000000000000000000e+00,0.000000000000000000e+00,0.000000000000000000e+00,9.979999999999999982e-01,0.000000000000000000e+00
0.000000000000000000e+00,7.479999999999999982e-01,4.299999999999999656e-02,0.000000000000000000e+00,0.000000000000000000e+00,2.089999999999999913e-01
0.000000000000000000e+00,0.000000000000000000e+00,2.000000000000000111e-01,8.000000000000000444e-01,0.000000000000000000e+00,0.000000000000000000e+00
3.099999999999999978e-02,0.000000000000000000e+00,0.000000000000000000e+00,0.000000000000000000e+00,0.000000000000000000e+00,9.689999999999999725e-01
2.000000000000000042e-03,0.000000000000000000e+00,0.000000000000000000e+00,0.000000000000000000e+00,1.200000000000000025e-02,9.859999999999999876e-01
1.000000000000000000e+00,0.000000000000000000e+00,0.000000000000000000e+00,0.000000000000000000e+00,0.000000000000000000e+00,0.000000000000000000e+00
2.000000000000000042e-03,0.000000000000000000e+00,0.000000000000000000e+00,0.000000000000000000e+00,9.959999999999999964e-01,2.000000000000000042e-03
0.000000000000000000e+00,0.000000000000000000e+00,1.899999999999999953e-02,0.000000000000000000e+00,0.000000000000000000e+00,9.809999999999999831e-01
0.000000000000000000e+00,7.329999999999999849e-01,7.000000000000000146e-03,0.000000000000000000e+00,2.600000000000000089e-01,0.000000000000000000e+00
0.000000000000000000e+00,7.469999999999999973e-01,5.500000000000000028e-02,0.000000000000000000e+00,0.000000000000000000e+00,1.980000000000000093e-01
0.000000000000000000e+00,7.439999999999999947e-01,2.560000000000000053e-01,0.000000000000000000e+00,0.000000000000000000e+00,0.000000000000000000e+00
7.000000000000000146e-03,0.000000000000000000e+00,0.000000000000000000e+00,7.920000000000000373e-01,2.010000000000000120e-01,0.000000000000000000e+00
0.000000000000000000e+00,0.000000000000000000e+00,1.000000000000000000e+00,0.000000000000000000e+00,0.000000000000000000e+00,0.000000000000000000e+00
0.000000000000000000e+00,0.000000000000000000e+00,8.000000000000000167e-03,7.740000000000000213e-01,2.179999999999999993e-01,0.000000000000000000e+00
0.000000000000000000e+00,0.000000000000000000e+00,2.000000000000000042e-03,0.000000000000000000e+00,2.299999999999999961e-02,9.749999999999999778e-01
1.710000000000000131e-01,3.400000000000000244e-02,0.000000000000000000e+00,7.850000000000000311e-01,1.000000000000000021e-02,0.000000000000000000e+00
9.939999999999999947e-01,0.000000000000000000e+00,6.000000000000000125e-03,0.000000000000000000e+00,0.000000000000000000e+00,0.000000000000000000e+00
0.000000000000000000e+00,2.299999999999999961e-02,0.000000000000000000e+00,0.000000000000000000e+00,0.000000000000000000e+00,9.769999999999999796e-01
0.000000000000000000e+00,1.000000000000000000e+00,0.000000000000000000e+00,0.000000000000000000e+00,0.000000000000000000e+00,0.000000000000000000e+00
0.000000000000000000e+00,0.000000000000000000e+00,6.000000000000000125e-03,0.000000000000000000e+00,9.939999999999999947e-01,0.000000000000000000e+00
9.969999999999999973e-01,0.000000000000000000e+00,0.000000000000000000e+00,0.000000000000000000e+00,3.000000000000000062e-03,0.000000000000000000e+00
0.000000000000000000e+00,1.000000000000000000e+00,0.000000000000000000e+00,0.000000000000000000e+00,0.000000000000000000e+00,0.000000000000000000e+00
2.630000000000000115e-01,7.369999999999999885e-01,0.000000000000000000e+00,0.000000000000000000e+00,0.000000000000000000e+00,0.000000000000000000e+00
0.000000000000000000e+00,2.299999999999999961e-02,0.000000000000000000e+00,0.000000000000000000e+00,0.000000000000000000e+00,9.769999999999999796e-01
0.000000000000000000e+00,0.000000000000000000e+00,0.000000000000000000e+00,7.640000000000000124e-01,0.000000000000000000e+00,2.359999999999999876e-01
