0.000000000000000000e+00,3.899999999999999994e-02,0.000000000000000000e+00,0.000000000000000000e+00,0.000000000000000000e+00,9.609999999999999654e-01
3.200000000000000067e-02,0.000000000000000000e+00,9.170000000000000373e-01,0.000000000000000000e+00,0.000000000000000000e+00,5.099999999999999672e-02
1.000000000000000000e+00,0.000000000000000000e+00,0.000000000000000000e+00,0.000000000000000000e+00,0.000000000000000000e+00,0.000000000000000000e+00
0.000000000000000000e+00,1.390000000000000124e-01,0.000000000000000000e+00,6.530000000000000249e-01,2.079999999999999905e-01,0.000000000000000000e+00
0.000000000000000000e+00,0.000000000000000000e+00,0.000000000000000000e+00,0.000000000000000000e+00,0.000000000000000000e+00,1.000000000000000000e+00
0.000000000000000000e+00,0.000000000000000000e+00,1.000000000000000000e+00,0.000000000000000000e+00,0.000000000000000000e+00,0.000000000000000000e+00
1.000000000000000000e+00,0.000000000000000000e+00,0.000000000000000000e+00,0.000000000000000000e+00,0.000000000000000000e+00,0.000000000000000000e+00
0.000000000000000000e+00,0.000000000000000000e+00,0.000000000000000000e+00,1.000000000000000000e+00,0.000000000000000000e+00,0.000000000000000000e+00
2.500000000000000139e-02,0.000000000000000000e+00,2.000000000000000042e-03,0.000000000000000000e+00,0.000000000000000000e+00,9.729999999999999760e-01
0.000000000000000000e+00,1.000000000000000000e+00,0.000000000000000000e+00,0.000000000000000000e+00,0.000000000000000000e+00,0.000000000000000000e+00
1.000000000000000000e+00,0.000000000000000000e+00,0.000000000000000000e+00,0.000000000000000000e+00,0.000000000000000000e+00,0.000000000000000000e+00
0.000000000000000000e+00,1.000000000000000000e+00,0.000000000000000000e+00,0.000000000000000000e+00,0.000000000000000000e+00,0.000000000000000000e+00
0.000000000000000000e+00,0.000000000000000000e+00,1.010000000000000064e-01,0.000000000000000000e+00,8.990000000000000213e-01,0.000000000000000000e+00
0.000000000000000000e+00,3.509999999999999787e-01,0.000000000000000000e+00,6.490000000000000213e-01,0.000000000000000000e+00,0.000000000000000000e+00
0.000000000000000000e+00,0.000000000000000000e+00,0.000000000000000000e+00,1.000000000000000000e+00,0.000000000000000000e+00,0.000000000000000000e+00
1.100000000000000006e-01,0.000000000000000000e+00,0.000000000000000000e+00,3.000000000000000062e-03,8.860000000000000098e-01,1.000000000000000021e-03
0.000000000000000000e+00,0.000000000000000000e+00,1.000000000000000000e+00,0.000000000000000000e+00,0.000000000000000000e+00,0.000000000000000000e+00
0.000000000000000000e+00,3.320000000000000173e-01,0.000000000000000000e+00,6.680000000000000382e-01,0.000000000000000000e+00,0.000000000000000000e+00
0.000000000000000000e+00,8.300000000000000433e-02,9.170000000000000373e-01,0.000000000000000000e+00,0.000000000000000000e+00,0.000000000000000000e+00
2.199999999999999872e-02,0.000000000000000000e+00,9.050000000000000266e-01,0.000000000000000000e+00,3.799999999999999906e-02,3.500000000000000333e-02
0.000000000000000000e+00,3.099999999999999978e-02,9.060000000000000275e-01,0.000000000000000000e+00,0.000000000000000000e+00,6.300000000000000044e-02
0.000000000000000000e+00,5.099999999999999672e-02,0.000000000000000000e+00,0.000000000000000000e+00,8.880000000000000115e-01,6.099999999999999867e-02
0.000000000000000000e+00,1.000000000000000000e+00,0.000000000000000000e+00,0.000000000000000000e+00,0.000000000000000000e+00,0.000000000000000000e+00
0.000000000000000000e+00,0.000000000000000000e+00,9.270000000000000462e-01,1.000000000000000021e-03,2.599999999999999881e-02,4.599999999999999922e-02
3.500000000000000333e-02,0.000000000000000000e+00,0.000000000000000000e+00,0.000000000000000000e+00,0.000000000000000000e+00,9.649999999999999689e-01
1.019999999999999934e-01,0.000000000000000000e+00,0.000000000000000000e+00,0.000000000000000000e+00,8.980000000000000204e-01,0.000000000000000000e+00
0.000000000000000000e+00,0.000000000000000000e+00,3.300000000000000155e-02,0.000000000000000000e+00,8.960000000000000187e-01,7.099999999999999367e-02
0.000000000000000000e+00,0.000000000000000000e+00,3.320000000000000173e-01,6.680000000000000382e-01,0.000000000000000000e+00,0.000000000000000000e+00
8.300000000000000433e-02,0.000000000000000000e+00,9.170000000000000373e-01,0.000000000000000000e+00,0.000000000000000000e+00,0.000000000000000000e+00
0.000000000000000000e+00,0.000000000000000000e+00,9.199999999999999845e-02,0.000000000000000000e+00,9.080000000000000293e-01,0.000000000000000000e+00
1.000000000000000000e+00,0.000000000000000000e+00,0.000000000000000000e+00,0.000000000000000000e+00,0.000000000000000000e+00,0.000000000000000000e+00
0.000000000000000000e+00,0.000000000000000000e+00,0.000000000000000000e+00,1.000000000000000000e+00,0.000000000000000000e+00,0.000000000000000000e+00
0.000000000000000000e+00,9.800000000000000377e-02,0.000000000000000000e+00,0.000000000000000000e+00,9.020000000000000240e-01,0.000000000000000000e+00
9.400000000000000022e-02,0.000000000000000000e+00,9.060000000000000275e-01,0.000000000000000000e+00,0.000000000000000000e+00,0.000000000000000000e+00
1.000000000000000000e+00,0.000000000000000000e+00,0.000000000000000000e+00,0.000000000000000000e+00,0.000000000000000000e+00,0.000000000000000000e+00
0.000000000000000000e+00,3.899999999999999994e-02,0.000000000000000000e+00,0.000000000000000000e+00,0.000000000000000000e+00,9.609999999999999654e-01
0.000000000000000000e+00,0.000000000000000000e+00,0.000000000000000000e+00,0.000000000000000000e+00,0.000000000000000000e+00,1.000000000000000000e+00
0.000000000000000000e+00,3.699999999999999817e-02,0.000000000000000000e+00,0.000000000000000000e+00,0.000000000000000000e+00,9.629999999999999671e-01
0.000000000000000000e+00,1.449999999999999900e-01,0.000000000000000000e+00,6.360000000000000098e-01,2.190000000000000002e-01,0.000000000000000000e+00
0.000000000000000000e+00,6.199999999999999956e-02,0.000000000000000000e+00,6.700000000000000400e-01,0.000000000000000000e+00,2.680000000000000160e-01
0.000000000000000000e+00,1.000000000000000000e+00,0.000000000000000000e+00,0.000000000000000000e+00,0.000000000000000000e+00,0.000000000000000000e+00
0.000000000000000000e+00,4.599999999999999922e-02,1.499999999999999944e-02,6.899999999999999467e-01,0.000000000000000000e+00,2.489999999999999991e-01
1.899999999999999953e-02,0.000000000000000000e+00,0.000000000000000000e+00,0.000000000000000000e+00,1.099999999999999936e-02,9.699999999999999734e-01
0.000000000000000000e+00,0.000000000000000000e+00,0.000000000000000000e+00,6.760000000000000453e-01,3.240000000000000102e-01,0.000000000000000000e+00
0.000000000000000000e+00,6.099999999999999867e-02,0.000000000000000000e+00,6.860000000000000542e-01,0.000000000000000000e+00,2.530000000000000027e-01
0.000000000000000000e+00,7.299999999999999545e-02,2.999999999999999889e-02,0.000000000000000000e+00,8.970000000000000195e-01,0.000000000000000000e+00
1.000000000000000000e+00,0.000000000000000000e+00,0.000000000000000000e+00,0.000000000000000000e+00,0.000000000000000000e+00,0.000000000000000000e+00
0.000000000000000000e+00,1.000000000000000000e+00,0.000000000000000000e+00,0.000000000000000000e+00,0.000000000000000000e+00,0.000000000000000000e+00
0.000000000000000000e+00,0.000000000000000000e+00,0.000000000000000000e+00,0.000000000000000000e+00,1.000000000000000000e+00,0.000000000000000000e+00
1.000000000000000000e+00,0.000000000000000000e+00,0.000000000000000000e+00,0.000000000000000000e+00,0.000000000000000000e+00,0.000000000000000000e+00
