0.000000000000000000e+00,0.000000000000000000e+00,0.000000000000000000e+00,3.390000000000000235e-01,6.610000000000000320e-01,0.000000000000000000e+00
3.899999999999999994e-02,2.240000000000000047e-01,3.899999999999999994e-02,0.000000000000000000e+00,6.979999999999999538e-01,0.000000000000000000e+00
1.899999999999999953e-02,9.809999999999999831e-01,0.000000000000000000e+00,0.000000000000000000e+00,0.000000000000000000e+00,0.000000000000000000e+00
0.000000000000000000e+00,2.700000000000000178e-01,0.000000000000000000e+00,3.699999999999999817e-02,6.929999999999999494e-01,0.000000000000000000e+00
0.000000000000000000e+00,0.000000000000000000e+00,6.530000000000000249e-01,3.469999999999999751e-01,0.000000000000000000e+00,0.000000000000000000e+00
0.000000000000000000e+00,3.140000000000000013e-01,6.490000000000000213e-01,0.000000000000000000e+00,0.000000000000000000e+00,3.699999999999999817e-02
9.989999999999999991e-01,1.000000000000000021e-03,0.000000000000000000e+00,0.000000000000000000e+00,0.000000000000000000e+00,0.000000000000000000e+00
3.699999999999999817e-02,2.399999999999999911e-01,3.699999999999999817e-02,1.000000000000000021e-03,6.850000000000000533e-01,0.000000000000000000e+00
0.000000000000000000e+00,0.000000000000000000e+00,0.000000000000000000e+00,0.000000000000000000e+00,1.000000000000000000e+00,0.000000000000000000e+00
0.000000000000000000e+00,0.000000000000000000e+00,0.000000000000000000e+00,0.000000000000000000e+00,1.970000000000000084e-01,8.030000000000000471e-01
0.000000000000000000e+00,0.000000000000000000e+00,3.160000000000000031e-01,0.000000000000000000e+00,6.840000000000000524e-01,0.000000000000000000e+00
0.000000000000000000e+00,0.000000000000000000e+00,0.000000000000000000e+00,2.079999999999999905e-01,1.700000000000000122e-02,7.750000000000000222e-01
0.000000000000000000e+00,3.170000000000000040e-01,0.000000000000000000e+00,0.000000000000000000e+00,6.830000000000000515e-01,0.000000000000000000e+00
0.000000000000000000e+00,0.000000000000000000e+00,1.000000000000000021e-03,2.270000000000000073e-01,0.000000000000000000e+00,7.720000000000000195e-01
0.000000000000000000e+00,0.000000000000000000e+00,0.000000000000000000e+00,0.000000000000000000e+00,0.000000000000000000e+00,1.000000000000000000e+00
2.790000000000000258e-01,0.000000000000000000e+00,4.100000000000000172e-02,2.000000000000000042e-03,6.780000000000000471e-01,0.000000000000000000e+00
2.400000000000000050e-02,9.749999999999999778e-01,1.000000000000000021e-03,0.000000000000000000e+00,0.000000000000000000e+00,0.000000000000000000e+00
9.979999999999999982e-01,0.000000000000000000e+00,0.000000000000000000e+00,2.000000000000000042e-03,0.000000000000000000e+00,0.000000000000000000e+00
9.979999999999999982e-01,0.000000000000000000e+00,0.000000000000000000e+00,2.000000000000000042e-03,0.000000000000000000e+00,0.000000000000000000e+00
0.000000000000000000e+00,9.759999999999999787e-01,0.000000000000000000e+00,0.000000000000000000e+00,0.000000000000000000e+00,2.400000000000000050e-02
0.000000000000000000e+00,0.000000000000000000e+00,0.000000000000000000e+00,1.000000000000000000e+00,0.000000000000000000e+00,0.000000000000000000e+00
0.000000000000000000e+00,1.559999999999999998e-01,0.000000000000000000e+00,4.200000000000000261e-02,0.000000000000000000e+00,8.020000000000000462e-01
0.000000000000000000e+00,0.000000000000000000e+00,0.000000000000000000e+00,1.000000000000000000e+00,0.000000000000000000e+00,0.000000000000000000e+00
2.620000000000000107e-01,0.000000000000000000e+00,3.699999999999999817e-02,3.000000000000000062e-03,6.979999999999999538e-01,0.000000000000000000e+00
0.000000000000000000e+00,0.000000000000000000e+00,2.210000000000000020e-01,0.000000000000000000e+00,6.740000000000000435e-01,1.049999999999999961e-01
2.949999999999999845e-01,0.000000000000000000e+00,6.320000000000000062e-01,0.000000000000000000e+00,7.299999999999999545e-02,0.000000000000000000e+00
0.000000000000000000e+00,2.859999999999999765e-01,6.790000000000000480e-01,0.000000000000000000e+00,3.500000000000000333e-02,0.000000000000000000e+00
2.069999999999999896e-01,2.000000000000000042e-03,6.510000000000000231e-01,0.000000000000000000e+00,0.000000000000000000e+00,1.400000000000000133e-01
0.000000000000000000e+00,0.000000000000000000e+00,0.000000000000000000e+00,1.000000000000000000e+00,0.000000000000000000e+00,0.000000000000000000e+00
0.000000000000000000e+00,9.789999999999999813e-01,0.000000000000000000e+00,2.100000000000000130e-02,0.000000000000000000e+00,0.000000000000000000e+00
0.000000000000000000e+00,0.000000000000000000e+00,1.000000000000000000e+00,0.000000000000000000e+00,0.000000000000000000e+00,0.000000000000000000e+00
3.500000000000000333e-02,2.010000000000000120e-01,0.000000000000000000e+00,0.000000000000000000e+00,0.000000000000000000e+00,7.640000000000000124e-01
1.000000000000000021e-03,0.000000000000000000e+00,6.390000000000000124e-01,2.270000000000000073e-01,0.000000000000000000e+00,1.330000000000000071e-01
3.250000000000000111e-01,0.000000000000000000e+00,0.000000000000000000e+00,0.000000000000000000e+00,6.750000000000000444e-01,0.000000000000000000e+00
9.969999999999999973e-01,0.000000000000000000e+00,0.000000000000000000e+00,3.000000000000000062e-03,0.000000000000000000e+00,0.000000000000000000e+00
0.000000000000000000e+00,0.000000000000000000e+00,6.370000000000000107e-01,3.629999999999999893e-01,0.000000000000000000e+00,0.000000000000000000e+00
3.500000000000000333e-02,2.640000000000000124e-01,0.000000000000000000e+00,1.000000000000000021e-03,6.999999999999999556e-01,0.000000000000000000e+00
0.000000000000000000e+00,0.000000000000000000e+00,0.000000000000000000e+00,1.000000000000000000e+00,0.000000000000000000e+00,0.000000000000000000e+00
9.989999999999999991e-01,0.000000000000000000e+00,1.000000000000000021e-03,0.000000000000000000e+00,0.000000000000000000e+00,0.000000000000000000e+00
0.000000000000000000e+00,0.000000000000000000e+00,1.960000000000000075e-01,0.000000000000000000e+00,0.000000000000000000e+00,8.040000000000000480e-01
0.000000000000000000e+00,1.670000000000000095e-01,6.610000000000000320e-01,3.500000000000000333e-02,6.700000000000000400e-02,7.000000000000000666e-02
2.010000000000000120e-01,4.000000000000000083e-03,0.000000000000000000e+00,0.000000000000000000e+00,1.000000000000000021e-03,7.940000000000000391e-01
0.000000000000000000e+00,0.000000000000000000e+00,0.000000000000000000e+00,0.000000000000000000e+00,0.000000000000000000e+00,1.000000000000000000e+00
0.000000000000000000e+00,9.749999999999999778e-01,0.000000000000000000e+00,2.500000000000000139e-02,0.000000000000000000e+00,0.000000000000000000e+00
0.000000000000000000e+00,1.710000000000000131e-01,6.640000000000000346e-01,4.100000000000000172e-02,0.000000000000000000e+00,1.239999999999999991e-01
0.000000000000000000e+00,0.000000000000000000e+00,6.410000000000000142e-01,2.280000000000000082e-01,6.500000000000000222e-02,6.600000000000000311e-02
0.000000000000000000e+00,0.000000000000000000e+00,6.039999999999999813e-01,3.960000000000000187e-01,0.000000000000000000e+00,0.000000000000000000e+00
3.200000000000000067e-02,1.650000000000000078e-01,0.000000000000000000e+00,0.000000000000000000e+00,1.600000000000000033e-02,7.870000000000000329e-01
9.969999999999999973e-01,0.000000000000000000e+00,0.000000000000000000e+00,3.000000000000000062e-03,0.000000000000000000e+00,0.000000000000000000e+00
2.599999999999999881e-02,9.739999999999999769e-01,0.000000000000000000e+00,0.000000000000000000e+00,0.000000000000000000e+00,0.000000000000000000e+00
