1.000000000000000056e-01,8.770000000000000018e-01,0.000000000000000000e+00,0.000000000000000000e+00,2.299999999999999961e-02,0.000000000000000000e+00
1.499999999999999944e-01,0.000000000000000000e+00,0.000000000000000000e+00,0.000000000000000000e+00,8.499999999999999778e-01,0.000000000000000000e+00
1.000000000000000000e+00,0.000000000000000000e+00,0.000000000000000000e+00,0.000000000000000000e+00,0.000000000000000000e+00,0.000000000000000000e+00
0.000000000000000000e+00,0.000000000000000000e+00,1.459999999999999909e-01,0.000000000000000000e+00,8.539999999999999813e-01,0.000000000000000000e+00
0.000000000000000000e+00,0.000000000000000000e+00,0.000000000000000000e+00,1.400000000000000029e-02,0.000000000000000000e+00,9.859999999999999876e-01
0.000000000000000000e+00,0.000000000000000000e+00,1.000000000000000000e+00,0.000000000000000000e+00,0.000000000000000000e+00,0.000000000000000000e+00
0.000000000000000000e+00,0.000000000000000000e+00,0.000000000000000000e+00,1.000000000000000000e+00,0.000000000000000000e+00,0.000000000000000000e+00
0.000000000000000000e+00,0.000000000000000000e+00,1.640000000000000069e-01,8.359999999999999654e-01,0.000000000000000000e+00,0.000000000000000000e+00
1.299999999999999940e-02,1.000000000000000021e-03,0.000000000000000000e+00,0.000000000000000000e+00,2.000000000000000042e-03,9.839999999999999858e-01
0.000000000000000000e+00,0.000000000000000000e+00,1.000000000000000000e+00,0.000000000000000000e+00,0.000000000000000000e+00,0.000000000000000000e+00
1.000000000000000000e+00,0.000000000000000000e+00,0.000000000000000000e+00,0.000000000000000000e+00,0.000000000000000000e+00,0.000000000000000000e+00
0.000000000000000000e+00,0.000000000000000000e+00,1.000000000000000000e+00,0.000000000000000000e+00,0.000000000000000000e+00,0.000000000000000000e+00
1.499999999999999944e-01,0.000000000000000000e+00,0.000000000000000000e+00,8.499999999999999778e-01,0.000000000000000000e+00,0.000000000000000000e+00
0.000000000000000000e+00,0.000000000000000000e+00,0.000000000000000000e+00,1.000000000000000000e+00,0.000000000000000000e+00,0.000000000000000000e+00
0.000000000000000000e+00,1.000000000000000000e+00,0.000000000000000000e+00,0.000000000000000000e+00,0.000000000000000000e+00,0.000000000000000000e+00
0.000000000000000000e+00,4.700000000000000011e-02,4.100000000000000172e-02,0.000000000000000000e+00,8.389999999999999680e-01,7.299999999999999545e-02
8.999999999999999320e-03,0.000000000000000000e+00,0.000000000000000000e+00,0.000000000000000000e+00,0.000000000000000000e+00,9.909999999999999920e-01
1.419999999999999873e-01,0.000000000000000000e+00,0.000000000000000000e+00,0.000000000000000000e+00,8.579999999999999849e-01,0.000000000000000000e+00
0.000000000000000000e+00,0.000000000000000000e+00,1.600000000000000033e-02,1.000000000000000021e-03,0.000000000000000000e+00,9.829999999999999849e-01
0.000000000000000000e+00,0.000000000000000000e+00,1.000000000000000000e+00,0.000000000000000000e+00,0.000000000000000000e+00,0.000000000000000000e+00
0.000000000000000000e+00,0.000000000000000000e+00,2.400000000000000050e-02,8.329999999999999627e-01,0.000000000000000000e+00,1.429999999999999882e-01
1.100000000000000006e-01,8.719999999999999973e-01,0.000000000000000000e+00,1.799999999999999864e-02,0.000000000000000000e+00,0.000000000000000000e+00
1.000000000000000000e+00,0.000000000000000000e+00,0.000000000000000000e+00,0.000000000000000000e+00,0.000000000000000000e+00,0.000000000000000000e+00
0.000000000000000000e+00,0.000000000000000000e+00,0.000000000000000000e+00,0.000000000000000000e+00,0.000000000000000000e+00,1.000000000000000000e+00
0.000000000000000000e+00,0.000000000000000000e+00,4.000000000000000083e-02,0.000000000000000000e+00,8.479999999999999760e-01,1.120000000000000023e-01
0.000000000000000000e+00,0.000000000000000000e+00,0.000000000000000000e+00,1.000000000000000000e+00,0.000000000000000000e+00,0.000000000000000000e+00
0.000000000000000000e+00,0.000000000000000000e+00,1.479999999999999927e-01,0.000000000000000000e+00,8.519999999999999796e-01,0.000000000000000000e+00
0.000000000000000000e+00,8.870000000000000107e-01,3.300000000000000155e-02,1.000000000000000021e-03,0.000000000000000000e+00,7.900000000000000078e-02
0.000000000000000000e+00,8.649999999999999911e-01,1.350000000000000089e-01,0.000000000000000000e+00,0.000000000000000000e+00,0.000000000000000000e+00
0.000000000000000000e+00,0.000000000000000000e+00,0.000000000000000000e+00,0.000000000000000000e+00,1.200000000000000025e-02,9.879999999999999893e-01
1.489999999999999936e-01,0.000000000000000000e+00,0.000000000000000000e+00,8.509999999999999787e-01,0.000000000000000000e+00,0.000000000000000000e+00
1.000000000000000000e+00,0.000000000000000000e+00,0.000000000000000000e+00,0.000000000000000000e+00,0.000000000000000000e+00,0.000000000000000000e+00
0.000000000000000000e+00,0.000000000000000000e+00,0.000000000000000000e+00,0.000000000000000000e+00,0.000000000000000000e+00,1.000000000000000000e+00
0.000000000000000000e+00,0.000000000000000000e+00,0.000000000000000000e+00,0.000000000000000000e+00,1.000000000000000000e+00,0.000000000000000000e+00
1.000000000000000000e+00,0.000000000000000000e+00,0.000000000000000000e+00,0.000000000000000000e+00,0.000000000000000000e+00,0.000000000000000000e+00
0.000000000000000000e+00,5.399999999999999939e-02,2.599999999999999881e-02,8.319999999999999618e-01,0.000000000000000000e+00,8.799999999999999489e-02
0.000000000000000000e+00,0.000000000000000000e+00,1.600000000000000033e-02,0.000000000000000000e+00,0.000000000000000000e+00,9.839999999999999858e-01
0.000000000000000000e+00,8.800000000000000044e-01,9.400000000000000022e-02,2.599999999999999881e-02,0.000000000000000000e+00,0.000000000000000000e+00
0.000000000000000000e+00,0.000000000000000000e+00,1.519999999999999962e-01,0.000000000000000000e+00,8.479999999999999760e-01,0.000000000000000000e+00
0.000000000000000000e+00,0.000000000000000000e+00,1.000000000000000000e+00,0.000000000000000000e+00,0.000000000000000000e+00,0.000000000000000000e+00
3.200000000000000067e-02,0.000000000000000000e+00,0.000000000000000000e+00,0.000000000000000000e+00,8.659999999999999920e-01,1.019999999999999934e-01
0.000000000000000000e+00,0.000000000000000000e+00,1.000000000000000000e+00,0.000000000000000000e+00,0.000000000000000000e+00,0.000000000000000000e+00
1.000000000000000000e+00,0.000000000000000000e+00,0.000000000000000000e+00,0.000000000000000000e+00,0.000000000000000000e+00,0.000000000000000000e+00
0.000000000000000000e+00,8.689999999999999947e-01,9.299999999999999933e-02,2.299999999999999961e-02,1.499999999999999944e-02,0.000000000000000000e+00
0.000000000000000000e+00,8.850000000000000089e-01,1.150000000000000050e-01,0.000000000000000000e+00,0.000000000000000000e+00,0.000000000000000000e+00
0.000000000000000000e+00,0.000000000000000000e+00,0.000000000000000000e+00,0.000000000000000000e+00,1.000000000000000000e+00,0.000000000000000000e+00
1.310000000000000053e-01,8.689999999999999947e-01,0.000000000000000000e+00,0.000000000000000000e+00,0.000000000000000000e+00,0.000000000000000000e+00
2.199999999999999872e-02,2.699999999999999969e-02,0.000000000000000000e+00,8.449999999999999734e-01,0.000000000000000000e+00,1.059999999999999970e-01
0.000000000000000000e+00,0.000000000000000000e+00,1.700000000000000122e-02,8.699999999999999956e-01,0.000000000000000000e+00,1.130000000000000032e-01
0.000000000000000000e+00,8.669999999999999929e-01,0.000000000000000000e+00,0.000000000000000000e+00,1.330000000000000071e-01,0.000000000000000000e+00
